Enter the number of Items: 4
Enter the knapsack capacity: 10

Enter weight and value of each item:
Item 1: 7 42
Item 2: 3 12
Item 3: 4 40
Item 4: 5 25

Knapsack Table:
0   0   0   0   0   0   0   0   0   0   0   
0   0   0   0   0   0   0   42  42  42  42  
0   0   0   12  12  12  12  42  42  42  54  
0   0   0   12  40  40  40  52  52  52  54  
0   0   0   12  40  40  40  52  52  65  65  

Maximum profit: 65
Composition: 4 3 
------------------------------------------------------------

Enter the number of Items: 5
Enter the knapsack capacity: 15

Enter weight and value of each item:
Item 1: 4 20
Item 2: 2 10
Item 3: 5 15
Item 4: 3 25
Item 5: 7 35

Knapsack Table:
0   0   0   0   0   0   0   0   0   0   0   0   0   0   0   0   
0   0   0   0   20  20  20  20  20  20  20  20  20  20  20  20  
0   0   10  10  20  20  30  30  30  30  30  30  30  30  30  30  
0   0   10  10  20  20  30  30  30  35  35  45  45  45  45  45  
0   0   10  25  25  35  35  45  45  55  55  55  60  60  70  70  
0   0   10  25  25  35  35  45  45  55  60  60  70  70  80  80  

Maximum profit: 80
Composition: 5 4 1 
------------------------------------------------------------

Enter the number of Items: 6
Enter the knapsack capacity: 20

Enter weight and value of each item:
Item 1: 6 30
Item 2: 5 20
Item 3: 4 25
Item 4: 3 24
Item 5: 8 40
Item 6: 7 35

Knapsack Table:
0   0   0   0   0   0   0   0   0   0   0   0   0   0   0   0   0   0   0   0   0   
0   0   0   0   0   0   30  30  30  30  30  30  30  30  30  30  30  30  30  30  30  
0   0   0   0   0   20  30  30  30  30  30  50  50  50  50  50  50  50  50  50  50  
0   0   0   0   25  25  30  30  30  45  55  55  55  55  55  75  75  75  75  75  75  
0   0   0   24  25  25  30  49  49  54  55  55  69  79  79  79  79  79  99  99  99  
0   0   0   24  25  25  30  49  49  54  55  64  69  79  79  89  89  94  99  99  109 
0   0   0   24  25  25  30  49  49  54  59  64  69  79  84  89  89  94  99  104 114 

Maximum profit: 114
Composition: 6 4 3 1 
------------------------------------------------------------

Enter the number of Items: 7
Enter the knapsack capacity: 25

Enter weight and value of each item:
Item 1: 5 25
Item 2: 4 18
Item 3: 6 30
Item 4: 7 35
Item 5: 3 15
Item 6: 8 45
Item 7: 2 10

Knapsack Table:
0   0   0   0   0   0   0   0   0   0   0   0   0   0   0   0   0   0   0   0   0   0   0   0   0   0   
0   0   0   0   0   25  25  25  25  25  25  25  25  25  25  25  25  25  25  25  25  25  25  25  25  25  
0   0   0   0   18  25  25  25  25  43  43  43  43  43  43  43  43  43  43  43  43  43  43  43  43  43  
0   0   0   0   18  25  30  30  30  43  48  55  55  55  55  73  73  73  73  73  73  73  73  73  73  73  
0   0   0   0   18  25  30  35  35  43  48  55  60  65  65  73  78  83  90  90  90  90  108 108 108 108 
0   0   0   15  18  25  30  35  40  45  50  55  60  65  70  75  80  83  90  93  98  105 108 108 108 123 
0   0   0   15  18  25  30  35  45  45  50  60  63  70  75  80  85  90  95  100 105 110 115 120 125 128 
0   0   10  15  18  25  30  35  45  45  55  60  63  70  75  80  85  90  95  100 105 110 115 120 125 130 

Maximum profit: 130
Composition: 7 6 5 4 1 
------------------------------------------------------------

Enter the number of Items: 8
Enter the knapsack capacity: 30

Enter weight and value of each item:
Item 1: 4 12
Item 2: 7 32
Item 3: 3 25
Item 4: 9 50
Item 5: 5 22
Item 6: 6 18
Item 7: 2 8
Item 8: 8 36

Knapsack Table:
0   0   0   0   0   0   0   0   0   0   0   0   0   0   0   0   0   0   0   0   0   0   0   0   0   0   0   0   0   0   0   
0   0   0   0   12  12  12  12  12  12  12  12  12  12  12  12  12  12  12  12  12  12  12  12  12  12  12  12  12  12  12  
0   0   0   0   12  12  12  32  32  32  32  44  44  44  44  44  44  44  44  44  44  44  44  44  44  44  44  44  44  44  44  
0   0   0   25  25  25  25  37  37  37  57  57  57  57  69  69  69  69  69  69  69  69  69  69  69  69  69  69  69  69  69  
0   0   0   25  25  25  25  37  37  50  57  57  75  75  75  75  87  87  87  107 107 107 107 119 119 119 119 119 119 119 119 
0   0   0   25  25  25  25  37  47  50  57  57  75  75  75  79  87  97  97  107 107 109 109 119 129 129 129 129 141 141 141 
0   0   0   25  25  25  25  37  47  50  57  57  75  75  75  79  87  97  97  107 107 109 109 119 129 129 129 129 141 141 147 
0   0   8   25  25  33  33  37  47  50  57  58  75  75  83  83  87  97  97  107 107 115 115 119 129 129 137 137 141 141 149 
0   0   8   25  25  33  33  37  47  50  57  61  75  75  83  83  87  97  97  107 111 115 119 119 129 133 137 143 143 151 151 

Maximum profit: 151
Composition: 8 7 4 3 2 
------------------------------------------------------------
